Id,HashName,LocalPath,FileSize
19,3066580838,Art/76c21518bd7f0e64ca49af74a4987cd9,921.71
43,2767025946,Art/ec429a586bfac5f4284f3a31749303e7,229.73
45,3708271602,Art/36c26bcd10b840e4f9868d6a6b9b6b37,6.17
46,1416177005,Art/e157959f9c83caa419fd530f402b54f8,6.01
47,2844011659,Art/0fab552ab15035e4d82bf9adc52725f6,12.99
48,3926902965,Art/7ab40f5c94bb46c4d8bdc9719471a0ea,10.59
49,1192024961,Art/a68e48a29a930504a9ca43956d727eed,14.87
50,1082007381,Art/f69fe24036fa721438c98fb52af11c6b,12.45
51,4142235195,Art/2090e433e199dc549aae632bee6b20d9,11.83
52,27126747,Art/7d3eab7902fddd347af42de5a0958047,12.21
53,4016630765,Art/22d5ca41200316741aaa39b9c265eb9b,14.04
54,3772228707,Art/7c6f5172672ac234a85467bc91e5283f,10.59
55,2814000001,Art/0cd1aa33ffab96440974e3fd84b4e99f,14.45
56,226605425,Art/890171c9213476c4487fdfe8320fed47,12.48
57,15889292,Art/3b35ba17053b1d34792c38b1d32a4a12,11.45
58,99401432,Art/d5430f7acac73bb4eaa529db1d8b763a,13.54
59,3987003865,Art/3d1d74f67a3b7b54ba46fec8ab67f807,13.29
68,81432534,Art/d2abdb77f35d37c4c9469630d1f22e50,1963.31
1000001,3064162832,Local.db,11
1000002,1264293587,PackageBuild.Info,0.13
1000003,2073389348,Art/ArtConfig.Info,5.87
1000004,209703306,Art/AssetTypeConfig.Info,0.25
1000005,2301461296,Hotfix/hotfix.dll,107
