Id,HashName,LocalPath,FileSize
1,3576695739,Art/d2a3862f18046f54eb8d3a4da64aa3a4,138.04
2,1342569424,Art/d1e9a6292667d134d8745300304b1824,130.13
3,3252195848,Art/051e691b99a9cb84784ea93c99bcb967,22.21
4,1184071726,Art/d64edb7b5e83d3247b9bbd478715e5a6,25.16
5,3028121090,Art/17c174d5584b1694b85f182dd46d03f6,78.35
6,3189571824,Art/570885a00974e1d41b1f5d5b4dac96d6,2.97
7,530237161,Art/362a42798cd38c844bb6e946a9266c8a,3.25
8,2962908971,Art/f9c24efe9caac82418f78b87f9ec7e2d,4.11
9,746728868,Art/16dd6483913a3c244b1a552e76dda7a7,79.52
10,1170302667,Art/3aff20989927e43438ccb6a3304de4bb,2.41
11,2750919643,Art/654c8f5bda70b1540b7bfb67bdaf5624,2.39
12,3998106888,Art/e36c1226daad07342ab8c716b22e75a7,2.41
13,3645694797,Art/d4a88a73900de024eb62d0da15c80841,3.47
14,1072604996,Art/f43f8753e3c3460499a09f37075d54cf,4.14
15,4075362353,Art/2612b115ce3857f45833e28c2325fdbb,113.95
16,3456744006,Art/e5ef808d32e88b243bd0521877b3b07a,28.05
17,656574961,Art/635df57f674eda446b0d64328236e858,18.53
18,918224186,Art/9e1ccbb85029ae447b779059c47e8da6,37.3
19,3066580838,Art/76c21518bd7f0e64ca49af74a4987cd9,921.71
29,555699749,Art/5db1852abb9a1a6458bd981cd87dd3ab,182.59
30,3561889016,Art/51f5616e141ad98478c3557ebbf2b999,34.79
41,2078816457,Art/9d59e1d84070e4c46a595b3112d75a40,177.61
43,2767025946,Art/ec429a586bfac5f4284f3a31749303e7,229.73
44,3502417502,Art/a7feec6462d3d3249936655cf4e31de5,4.11
45,3708271602,Art/36c26bcd10b840e4f9868d6a6b9b6b37,6.17
46,1416177005,Art/e157959f9c83caa419fd530f402b54f8,6.01
47,2844011659,Art/0fab552ab15035e4d82bf9adc52725f6,12.99
48,3926902965,Art/7ab40f5c94bb46c4d8bdc9719471a0ea,10.59
49,1192024961,Art/a68e48a29a930504a9ca43956d727eed,14.87
50,1082007381,Art/f69fe24036fa721438c98fb52af11c6b,12.45
51,4142235195,Art/2090e433e199dc549aae632bee6b20d9,11.83
52,27126747,Art/7d3eab7902fddd347af42de5a0958047,12.21
53,4016630765,Art/22d5ca41200316741aaa39b9c265eb9b,14.04
54,3772228707,Art/7c6f5172672ac234a85467bc91e5283f,10.59
55,2814000001,Art/0cd1aa33ffab96440974e3fd84b4e99f,14.45
56,226605425,Art/890171c9213476c4487fdfe8320fed47,12.48
57,15889292,Art/3b35ba17053b1d34792c38b1d32a4a12,11.45
58,99401432,Art/d5430f7acac73bb4eaa529db1d8b763a,13.54
59,3987003865,Art/3d1d74f67a3b7b54ba46fec8ab67f807,13.29
60,2664627009,Art/bfcd26e55a55bd04f8a6f662bdde9abf,3.94
61,335551608,Art/0bfcd856254d3f34b87bb6f99b9f3dfb,3.97
62,1520639884,Art/00142fc9b13ce334d94e23f367a33d75,4.08
63,2167733423,Art/096dee19ab67ffc44ba3f8f790da67b4,34.83
64,2862635486,Art/ae37c57b09de2ec4399a3eceb62b77ea,4.12
65,3426647928,Art/70ed25d8f6269304483b716d4ffd3434,3.66
66,1057498091,Art/c0d661c42cc867d46887fa3b94908542,3.72
67,2540828247,Art/8fb6653cf0d095a4da38233e10efdb41,3.79
68,81432534,Art/d2abdb77f35d37c4c9469630d1f22e50,1963.31
69,3557444481,Art/9ae31c8b351113b44a663362fc4f41e9,171.67
70,3816280245,Art/ffdcaf5f90ad6424daa282d10724bfc2,88.66
71,1344164593,Art/68ce09b862773374cbf71b2566b5dfbb,174.45
1000001,3570046136,Assets.Info,3.09
1000002,3239150198,Local.db,11
1000003,3902014387,PackageBuild.Info,0.09
1000004,2073389348,Art/ArtConfig.Info,5.87
1000005,209703306,Art/AssetTypeConfig.Info,0.25
1000006,3337734604,Hotfix/hotfix.dll,107
