Id,HashName,LocalPath,FileSize
1,3491989588,Art/d2a3862f18046f54eb8d3a4da64aa3a4,127.27
2,1050663660,Art/d1e9a6292667d134d8745300304b1824,128.93
3,1840922865,Art/051e691b99a9cb84784ea93c99bcb967,21.02
4,1505558001,Art/d64edb7b5e83d3247b9bbd478715e5a6,23.96
5,1217194989,Art/17c174d5584b1694b85f182dd46d03f6,77.15
6,1588747752,Art/570885a00974e1d41b1f5d5b4dac96d6,1.78
7,1298197443,Art/362a42798cd38c844bb6e946a9266c8a,2.04
8,638953529,Art/f9c24efe9caac82418f78b87f9ec7e2d,2.91
9,1757459915,Art/16dd6483913a3c244b1a552e76dda7a7,126.96
10,2611326918,Art/3aff20989927e43438ccb6a3304de4bb,1.21
11,2435667746,Art/654c8f5bda70b1540b7bfb67bdaf5624,1.2
12,2917991391,Art/e36c1226daad07342ab8c716b22e75a7,1.2
13,4099134293,Art/d4a88a73900de024eb62d0da15c80841,2.28
14,383540983,Art/f43f8753e3c3460499a09f37075d54cf,2.93
15,3473874440,Art/2612b115ce3857f45833e28c2325fdbb,127.01
16,2471967316,Art/e5ef808d32e88b243bd0521877b3b07a,26.85
17,3673906957,Art/635df57f674eda446b0d64328236e858,15.87
18,121734575,Art/9e1ccbb85029ae447b779059c47e8da6,35.01
19,1729710909,Art/76c21518bd7f0e64ca49af74a4987cd9,664.48
29,440482725,Art/5db1852abb9a1a6458bd981cd87dd3ab,181.39
30,1300298181,Art/51f5616e141ad98478c3557ebbf2b999,26.77
41,2699000370,Art/9d59e1d84070e4c46a595b3112d75a40,113.6
43,2989868492,Art/ec429a586bfac5f4284f3a31749303e7,185.36
44,2745193364,Art/a7feec6462d3d3249936655cf4e31de5,2.92
45,3242410169,Art/36c26bcd10b840e4f9868d6a6b9b6b37,4.96
46,951044904,Art/e157959f9c83caa419fd530f402b54f8,4.8
47,985775966,Art/0fab552ab15035e4d82bf9adc52725f6,11.79
48,1321355068,Art/7ab40f5c94bb46c4d8bdc9719471a0ea,9.39
49,609691596,Art/a68e48a29a930504a9ca43956d727eed,13.68
50,1581401969,Art/f69fe24036fa721438c98fb52af11c6b,11.25
51,3213811469,Art/2090e433e199dc549aae632bee6b20d9,10.63
52,1577549455,Art/7d3eab7902fddd347af42de5a0958047,11
53,1128181325,Art/22d5ca41200316741aaa39b9c265eb9b,12.84
54,2397531881,Art/7c6f5172672ac234a85467bc91e5283f,9.39
55,2647037616,Art/0cd1aa33ffab96440974e3fd84b4e99f,13.24
56,4030250885,Art/890171c9213476c4487fdfe8320fed47,11.29
57,3035077812,Art/3b35ba17053b1d34792c38b1d32a4a12,10.25
58,1072646281,Art/d5430f7acac73bb4eaa529db1d8b763a,12.35
59,2790483970,Art/3d1d74f67a3b7b54ba46fec8ab67f807,12.08
60,67690782,Art/bfcd26e55a55bd04f8a6f662bdde9abf,2.75
61,2557168103,Art/0bfcd856254d3f34b87bb6f99b9f3dfb,2.77
62,2882325697,Art/00142fc9b13ce334d94e23f367a33d75,2.88
63,2000124230,Art/096dee19ab67ffc44ba3f8f790da67b4,26.79
64,241346855,Art/ae37c57b09de2ec4399a3eceb62b77ea,2.93
65,1063875743,Art/70ed25d8f6269304483b716d4ffd3434,2.47
66,2632561911,Art/c0d661c42cc867d46887fa3b94908542,2.53
67,1827121953,Art/8fb6653cf0d095a4da38233e10efdb41,2.58
68,3213063245,Art/d2abdb77f35d37c4c9469630d1f22e50,1962.12
69,851392355,Art/9ae31c8b351113b44a663362fc4f41e9,163.12
70,3735059819,Art/ffdcaf5f90ad6424daa282d10724bfc2,90.31
71,593554260,Art/68ce09b862773374cbf71b2566b5dfbb,165.94
1000001,1411055259,Local.db,11
1000002,3343822579,PackageBuild.Info,0.09
1000003,4154269350,Art/ArtConfig.Info,5.69
1000004,209703306,Art/AssetTypeConfig.Info,0.25
1000005,285661515,Hotfix/hotfix.dll,107
